0 0 2657 0 3
0 1 3271 1 1
0 2 1697 1 1
0 3 1979 0 3
0 4 2803 1 2
0 5 1747 0 2
0 6 3187 0 1
0 7 1051 1 0
0 8 2027 1 1
0 9 2039 0 1
0 10 2617 0 3
0 11 1543 1 1
1 0 3947 1 0
1 1 2909 1 0
1 2 3209 0 1
1 3 2269 0 1
1 4 1409 0 3
1 5 1447 1 0
1 6 1999 0 0
1 7 2503 0 1
1 8 2161 1 1
1 9 1481 0 0
1 10 3301 0 3
1 11 2273 0 0
2 0 2797 1 1
2 1 3323 1 2
2 2 2029 1 2
2 3 1847 0 3
2 4 1553 1 1
2 5 1619 0 0
2 6 3137 0 0
2 7 2141 1 1
2 8 1861 0 1
2 9 1429 0 0
2 10 2971 1 1
2 11 1559 1 2
3 0 3793 0 3
3 1 2267 1 1
3 2 3541 0 2
3 3 3433 1 1
3 4 1931 0 3
3 5 3089 0 0
3 6 1579 1 1
3 7 1451 0 1
3 8 1549 0 1
3 9 3931 1 0
3 10 3499 0 3
3 11 2713 0 1
4 0 3257 1 1
4 1 3529 0 3
4 2 3461 0 1
4 3 3853 0 2
4 4 1367 1 2
4 5 1249 0 1
4 6 3847 0 0
4 7 1951 0 3
4 8 2719 1 1
4 9 3217 0 1
4 10 2377 1 1
4 11 1597 1 1
5 0 3463 0 1
5 1 1823 1 2
5 2 1361 0 2
5 3 3229 0 1
5 4 2857 0 0
5 5 2111 1 0
5 6 1193 0 2
5 7 1151 1 0
5 8 2089 1 1
5 9 2683 1 1
5 10 1433 1 2
5 11 2243 1 2
6 0 3001 1 1
6 1 2399 0 2
6 2 2579 0 1
6 3 3527 1 0
6 4 2711 1 1
6 5 3659 0 3
6 6 2341 0 1
6 7 3221 0 3
6 8 1667 0 1
6 9 2467 0 3
6 10 3581 0 2
6 11 2663 0 0
7 0 2753 0 3
7 1 1109 1 0
7 2 1483 1 0
7 3 1453 1 2
7 4 3457 1 0
7 5 1423 1 1
7 6 1279 1 1
7 7 2741 1 1
7 8 2957 1 2
7 9 3967 1 2
7 10 2143 0 1
7 11 2011 0 1
8 0 2551 1 2
8 1 3593 1 1
8 2 1871 1 2
8 3 3613 0 2
8 4 2333 1 0
8 5 3631 0 3
8 6 3413 1 0
8 7 2777 0 1
8 8 3467 0 1
8 9 3889 0 0
8 10 2213 0 0
8 11 2633 0 3
9 0 1319 0 3
9 1 2939 1 2
9 2 1877 1 1
9 3 2203 0 0
9 4 3643 0 0
9 5 1373 1 2
9 6 2087 1 2
9 7 3877 0 0
9 8 2389 1 0
9 9 2791 0 0
9 10 2707 1 2
9 11 2953 0 3
10 0 1571 1 0
10 1 1297 0 3
10 2 3347 1 0
10 3 3943 0 2
10 4 2843 1 0
10 5 3259 0 0
10 6 2473 0 0
10 7 2531 0 0
10 8 3709 0 2
10 9 3019 1 2
10 10 3307 0 0
10 11 1657 0 0
11 0 3989 0 3
11 1 2113 0 3
11 2 3719 1 2
11 3 2357 1 1
11 4 1217 0 0
11 5 3251 0 0
11 6 1181 0 0
11 7 2749 0 2
11 8 2833 1 0
11 9 3533 1 2
11 10 3779 0 2
11 11 2887 0 1
